WorkRaveStats 4
D 2 3 122 0 22 2 3 122 20 5
B 0 7 0 0 0 0 0 0 0 
B 1 7 9 0 1 3 6 9 620 
B 2 7 0 0 0 0 0 0 0 
m 6 9514 420765 174598 401 1999 10706 
D 3 3 122 16 29 3 3 122 22 26
B 0 7 0 0 0 0 0 0 0 
B 1 7 11 1 2 4 6 11 1289 
B 2 7 0 0 0 0 0 0 0 
m 6 18143 763381 404103 28 5157 13179 
D 4 3 122 17 41 4 3 122 17 54
B 0 7 0 0 0 0 0 0 0 
B 1 7 0 0 1 0 0 0 0 
B 2 7 0 0 0 0 0 0 0 
m 6 1543 96354 47994 160 651 348 
D 5 3 122 20 22 5 3 122 22 0
B 0 7 0 0 0 0 0 0 0 
B 1 7 2 1 1 0 1 2 214 
B 2 7 0 0 0 0 0 0 0 
m 6 4910 72370 32504 123 1004 3033 
D 6 3 122 19 7 6 3 122 19 7
B 0 7 0 0 0 0 0 0 0 
B 1 7 0 0 1 0 0 0 0 
B 2 7 0 0 0 0 0 0 0 
m 6 110 0 0 0 0 41 
D 10 3 122 14 6 10 3 122 23 20
B 0 7 0 0 0 0 0 0 0 
B 1 7 6 2 2 1 2 6 724 
B 2 7 0 0 0 0 0 0 0 
m 6 12585 702406 421836 764 4909 3555 
D 29 3 122 10 54 29 3 122 18 28
B 0 7 0 0 0 0 0 0 0 
B 1 7 1 0 0 0 0 1 0 
B 2 7 0 0 0 0 0 0 0 
m 6 3056 372694 185395 49 1546 954 
D 30 3 122 7 18 30 3 122 12 19
B 0 7 0 0 0 0 0 0 0 
B 1 7 6 4 2 0 2 6 391 
B 2 7 0 0 0 0 0 0 0 
m 6 11825 444945 262372 311 3079 1292 
D 1 4 122 12 41 1 4 122 14 22
B 0 7 0 0 0 0 0 0 0 
B 1 7 6 1 0 0 6 6 1059 
B 2 7 0 0 0 0 0 0 0 
m 6 5746 256315 132804 389 1710 2334 
D 3 4 122 20 37 3 4 122 21 33
B 0 7 0 0 0 0 0 0 0 
B 1 7 2 1 1 0 1 2 202 
B 2 7 0 0 0 0 0 0 0 
m 6 4715 112192 63660 217 652 417 
D 4 4 122 19 51 4 4 122 21 47
B 0 7 0 0 0 0 0 0 0 
B 1 7 2 1 1 0 1 2 218 
B 2 7 0 0 0 0 0 0 0 
m 6 2634 211777 118178 355 769 2206 
D 6 4 122 21 22 6 4 122 21 30
B 0 7 0 0 0 0 0 0 0 
B 1 7 0 0 1 0 0 0 0 
B 2 7 0 0 0 0 0 0 0 
m 6 659 69865 34118 144 621 40 
D 7 4 122 12 7 7 4 122 17 31
B 0 7 0 0 0 0 0 0 0 
B 1 7 5 1 3 3 1 5 213 
B 2 7 0 0 0 0 0 0 0 
m 6 12502 103745 60381 160 495 9563 
